0 0.0437941
1 19.7255
2 6.76565
3 28.3059
4 20.4753
5 16.7956
6 12.2602
7 31.3587
8 28.7994
9 26.1312
10 6.09378
11 30.063
12 24.8675
13 17.9737
14 10.6398
15 0.524461
16 3.1991
17 12.7558
18 5.15595
19 5.80645
20 34.5984
21 15.5992
22 4.16791
23 0.163427
0 0.311899
1 13.2258
2 18.6082
3 19.9915
4 21.0617
5 21.2508
6 5.8182
7 23.2066
8 15.7776
9 12.3243
10 1.99637
11 21.269
12 27.4162
13 28.0912
14 18.1959
15 10.5683
16 30.659
17 25.4337
18 33.4565
19 32.4001
20 18.8774
21 4.98184
22 16.1728
23 8.23649
0 30.1784
1 7.33604
